DATE=2027-03-01T12:00:00.000Z
SEMIMAJOR_AXIS_MET=6878137.0
ECCENTRICITY=0.0
INCLINATION_DEG=97.40432961704133
RAAN_DEG=-62.588307692952924
W_DEG=0.0
TA_DEG=0.0