DATE=2027-03-01T12:00:00.000Z
SEMIMAJOR_AXIS_MET=6978137.0
ECCENTRICITY=0.0
INCLINATION_DEG=97.79032467603574
RAAN_DEG=26.913796893080956
W_DEG=0.0
TA_DEG=0.0